%YAML:1.0
---
R: !!opencv-matrix
   rows: 3
   cols: 3
   dt: d
   data: [ 4.2685450033949879e-01, 1.1090278085807491e+01, 0.,
       -1.1660824865565461e+01, 6.9757999566437157e-01, 0., 0., 0., 0. ]
C1: !!opencv-matrix
   rows: 3
   cols: 1
   dt: d
   data: [ 1.1663345804763635e+03, 9.5670597936795036e+02, 0. ]
C2: !!opencv-matrix
   rows: 3
   cols: 1
   dt: d
   data: [ 401784., 486490., 0. ]
