%YAML:1.0
---
R: !!opencv-matrix
   rows: 3
   cols: 3
   dt: d
   data: [ -2.8110153293128349e-04, 1.5785923308729199e-02, 0.,
       -1.5769526766643695e-02, -2.7194084707280559e-04, 0., 0., 0., 0. ]
C1: !!opencv-matrix
   rows: 3
   cols: 1
   dt: d
   data: [ 1.7888888888890303e-01, -3.1666666666666288e-01, 0. ]
C2: !!opencv-matrix
   rows: 3
   cols: 1
   dt: d
   data: [ 0., 0., 0. ]
